0 Minifig Torso with Medium Nougat Dual Mould Arms Pattern
0 Name: 16360p05.dat
0 Author: Manfred Schaefer [Lego-Manfred]
0 !LDRAW_ORG Shortcut UPDATE 2026-04
0 !LICENSE Licensed under CC BY 4.0 : see CAreadme.txt

0 BFC CERTIFY CCW

0 !KEYWORDS Barbara Gordon, Bricklink 973c079, DC comics, GCPD, Gotham City
0 !KEYWORDS Set 70908, Super Heroes, Superheroes, The Lego Batman Movie

0 !HISTORY 2026-04-27 [OrionP] Official Update 2026-04

1 16 0 0 0 1 0 0 0 1 0 0 0 1 973.dat
1 16 -15.552 9 0 0.985 -0.17 0 0.17 0.985 0 0 0 1 16000p05.dat
1 16 15.552 9 0 0.985 0.17 0 -0.17 0.985 0 0 0 1 16001p05.dat
1 16 -23.6904 26.774 -9.8982 0.985 -0.1202 0.1202 0.17 0.6964 -0.6964 0 0.707 0.707 3820.dat
1 16 23.6904 26.774 -9.8982 0.985 0.1202 -0.1202 -0.17 0.6964 -0.6964 0 0.707 0.707 3820.dat