0 Sticker  0.8 x  3.0 with White Trapezoid on Grey Background Left (Formed)
0 Name: 6142275wc01.dat
0 Author: Massimo Maso [Sirio]
0 !LDRAW_ORG Part UPDATE 2026-06
0 !LICENSE Licensed under CC BY 4.0 : see CAreadme.txt

0 BFC CERTIFY CCW

0 !KEYWORDS Audi, Bricklink 75872stk01, Brickowl 776565, e-tron, quattro, R18
0 !KEYWORDS Rebrickable 24752, Set 75872, Speed Champions

0 !HISTORY 2023-11-19 [OrionP] Official Update 2023-06
0 !HISTORY 2025-11-14 [Sirio] Modified for changes in 50950
0 !HISTORY 2026-06-28 [OrionP] Official Update 2026-06

1 16 0 .5872 18.9266 1 0 0 0 .9986 -.053 0 .053 .9986 s\6142275ws01.dat
1 16 0 .5872 18.9266 1 0 0 0 .9875 -.1579 0 .1579 .9875 s\6142275ws02.dat
1 16 0 5.1963 -2.4735 1 0 0 0 .9648 -.2632 0 .2632 .9648 s\6142275ws03.dat
1 16 0 5.1963 -2.4735 1 0 0 0 .9294 -.3692 0 .3692 .9294 s\6142275ws04.dat
1 16 0 14.1072 -21.6589 1 0 0 0 .881 -.4731 0 .4731 .881 s\6142275ws05.dat
1 16 0 14.1072 -21.6589 1 0 0 0 .8167 -.577 0 .577 .8167 s\6142275ws06.dat
1 16 0 0 0 1 0 0 0 1 0 0 0 1 s\50950b01.dat