0 Sticker  0.8 x  3.0 with Dark Grey Lines on White Background Left (Formed)
0 Name: 6148328bhc01.dat
0 Author: Massimo Maso [Sirio]
0 !LDRAW_ORG Part UPDATE 2026-05
0 !LICENSE Licensed under CC BY 4.0 : see CAreadme.txt

0 BFC CERTIFY CCW

0 !KEYWORDS 919, Bricklink 75876stk01, Brickowl 333459, Hybrid, Pit Lane
0 !KEYWORDS Rebrickable 26357, set 75876, Speed Champions

0 !HISTORY 2024-09-30 [OrionP] Official Update 2024-08
0 !HISTORY 2025-11-14 [Sirio] Modified for changes in 50950
0 !HISTORY 2026-05-31 [OrionP] Official Update 2026-05

1 16 0 .5872 18.9266 1 0 0 0 .9986 -.053 0 .053 .9986 s\6148328bhs01.dat
1 16 0 .5872 18.9266 1 0 0 0 .9875 -.1579 0 .1579 .9875 s\6148328bhs02.dat
1 16 0 5.1963 -2.4735 1 0 0 0 .9648 -.2632 0 .2632 .9648 s\6148328bhs03.dat
1 16 0 5.1963 -2.4735 1 0 0 0 .9294 -.3692 0 .3692 .9294 s\6148328bhs04.dat
1 16 0 14.1072 -21.6589 1 0 0 0 .8167 -.577 0 .577 .8167 s\6148328bhs05.dat
1 16 0 0 0 1 0 0 0 1 0 0 0 1 s\50950b01.dat
0 // Grey face
4 72 -7.1 8.9228 -12.5324 -7.1 13.894 -21.7904 .1 13.894 -21.7904 .1 8.9228 -12.5324
0 // White faces
4 15 -7.1 8.9228 -12.5324 -8 8.9228 -12.5324 -8 13.894 -21.7904 -7.1 13.894 -21.7904
4 15 .1 8.9228 -12.5324 .1 13.894 -21.7904 8 13.894 -21.7904 8 8.9228 -12.5324