0 Sticker  0.8 x  3.0 with Dark Grey Lines on White Background Right (Formed)
0 Name: 6148328bgc01.dat
0 Author: Massimo Maso [Sirio]
0 !LDRAW_ORG Part UPDATE 2026-05
0 !LICENSE Licensed under CC BY 4.0 : see CAreadme.txt

0 BFC CERTIFY CCW

0 !KEYWORDS 919, Bricklink 75876stk01, Brickowl 333459, Hybrid, Pit Lane
0 !KEYWORDS Rebrickable 26357, set 75876, Speed Champions

0 !HISTORY 2024-09-30 [OrionP] Official Update 2024-08
0 !HISTORY 2025-11-14 [Sirio] Modified for changes in 50950
0 !HISTORY 2026-05-31 [OrionP] Official Update 2026-05

1 16 0 .5872 18.9266 1 0 0 0 .9986 -.053 0 .053 .9986 s\6148328bgs01.dat
1 16 0 14.1072 -21.6589 1 0 0 0 .881 -.4731 0 .4731 .881 s\6148328bgs02.dat
1 16 0 14.1072 -21.6589 1 0 0 0 .8167 -.577 0 .577 .8167 s\6148328bgs03.dat
1 16 0 0 0 1 0 0 0 1 0 0 0 1 s\50950b01.dat
0 // Grey faces
4 72 -3.3 .3382 18.9002 -3.3 2.0837 7.9871 3.9 2.0837 7.9871 3.9 .3382 18.9002
4 72 -3.3 2.0837 7.9871 -3.3 4.9588 -2.5528 3.9 4.9588 -2.5528 3.9 2.0837 7.9871
4 72 -3.3 4.9588 -2.5528 -3.3 8.9229 -12.5324 3.9 8.9229 -12.5324 3.9 4.9588 -2.5528
0 // White faces
4 15 -3.3 .3382 18.9002 -8 .3382 18.9002 -8 2.0837 7.9871 -3.3 2.0837 7.9871
4 15 -3.3 2.0837 7.9871 -8 2.0837 7.9871 -8 4.9588 -2.5528 -3.3 4.9588 -2.5528
4 15 -3.3 4.9588 -2.5528 -8 4.9588 -2.5528 -8 8.9229 -12.5324 -3.3 8.9229 -12.5324
4 15 3.9 .3382 18.9002 3.9 2.0837 7.9871 8 2.0837 7.9871 8 .3382 18.9002
4 15 3.9 2.0837 7.9871 3.9 4.9588 -2.5528 8 4.9588 -2.5528 8 2.0837 7.9871
4 15 3.9 4.9588 -2.5528 3.9 8.9229 -12.5324 8 8.9229 -12.5324 8 4.9588 -2.5528