0 Sticker  0.8 x  1.6 with Black and Grey Headlamp on Red Background Right (Formed)
0 Name: 6177970mc01.dat
0 Author: Massimo Maso [Sirio]
0 !LDRAW_ORG Part UPDATE 2026-06
0 !LICENSE Licensed under CC BY 4.0 : see CAreadme.txt

0 BFC CERTIFY CCW

0 !KEYWORDS BrickLink 75882stk01, Brickowl 758946, Center, Development, Ferrari
0 !KEYWORDS FXXK, Rebrickable 30899, Set 75882, Speed Champions, Tunnel, Wind

0 !HISTORY 2026-06-28 [OrionP] Official Update 2026-06

1 16 0 -15.6524 12.616 1 0 0 0 .9989 -.047 0 .047 .9989 s\6177970ms01.dat
1 16 0 -15.6524 12.616 1 0 0 0 .9897 -.1431 0 .1431 .9897 s\6177970ms02.dat
1 16 0 -12.8827 -1.648 1 0 0 0 .9711 -.2385 0 .2385 .9711 s\6177970ms03.dat
1 16 0 -12.8827 -1.648 1 0 0 0 .9416 -.3367 0 .3367 .9416 s\6177970ms04.dat
1 16 0 -10.5099 -8.284 1 0 0 0 .9001 -.4357 0 .4357 .9001 s\6177970ms05.dat
1 16 0 0 0 1 0 0 0 1 0 0 0 1 s\29119b01.dat