0 Sticker  0.8 x  3.0 with Castrol Edge Logo on Red Background Left (Formed)
0 Name: 6177969qc02.dat
0 Author: Massimo Maso [Sirio]
0 !LDRAW_ORG Part UPDATE 2026-06
0 !LICENSE Licensed under CC BY 4.0 : see CAreadme.txt

0 BFC CERTIFY CCW

0 !KEYWORDS 2016, Bricklink 75881stk01, Brickowl 507382, Ford, GT
0 !KEYWORDS Rebrickable 30897, Set 75881, Speed Champions

0 !HISTORY 2025-08-31 [OrionP] Official Update 2025-08
0 !HISTORY 2025-11-14 [Sirio] Modified for changes in 50950
0 !HISTORY 2026-06-28 [OrionP] Official Update 2026-06

1 16 0 .5872 18.9266 1 0 0 0 .9986 -.053 0 .053 .9986 s\6177969qs07.dat
1 16 0 .5872 18.9266 1 0 0 0 .9875 -.1579 0 .1579 .9875 s\6177969qs08.dat
1 16 0 5.1963 -2.4735 1 0 0 0 .9648 -.2632 0 .2632 .9648 s\6177969qs09.dat
1 16 0 5.1963 -2.4735 1 0 0 0 .9294 -.3692 0 .3692 .9294 s\6177969qs10.dat
1 16 0 14.1072 -21.6589 1 0 0 0 .881 -.4731 0 .4731 .881 s\6177969qs11.dat
1 16 0 14.1072 -21.6589 1 0 0 0 .8167 -.577 0 .577 .8167 s\6177969qs12.dat
1 16 0 0 0 1 0 0 0 1 0 0 0 1 s\50950b01.dat