0 Minifig Torso with Printed Arms and Hands with Green Robe with Diamonds and Green Emblem Pattern
0 Name: 76382pn3.dat
0 Author: Magnus Forsberg [MagFors]
0 !LDRAW_ORG Shortcut UPDATE 2026-06
0 !LICENSE Licensed under CC BY 4.0 : see CAreadme.txt

0 BFC CERTIFY CCW

0 !KEYWORDS Bricklink 973pb2785c01, Brickowl 180500, Brickset 88585, CMF, Lloyd
0 !KEYWORDS Mini Upper Part No 3855, Ninja, Rebrickable 973c03h03pr9958
0 !KEYWORDS Set 70612, Set 70613, Set 70617, Set 70618, Set 70620, Set 70656
0 !KEYWORDS The LEGO Ninjago Movie

0 !HISTORY 2025-01-20 [OrionP] Official Update 2025-01
0 !HISTORY 2026-06-08 [KnightOfTarenta] Added "Printed" to description
0 !HISTORY 2026-06-28 [OrionP] Official Update 2026-06

1 16 0 0 0 1 0 0 0 1 0 0 0 1 973pn3.dat
1 16 -15.552 9 0 0.985 -0.17 0 0.17 0.985 0 0 0 1 3818pn1.dat
1 16 15.552 9 0 0.985 0.17 0 -0.17 0.985 0 0 0 1 3819pn1.dat
1 16 -23.69 26.774 -9.898 0.985 -0.12 0.12 0.17 0.696 -0.696 0 0.707 0.707 3820.dat
1 16 23.69 26.774 -9.898 0.985 0.12 -0.12 -0.17 0.696 -0.696 0 0.707 0.707 3820.dat