0 Minifig Torso with Arms and Hands with ST Red Starfleet Duty Uniform (2360s Variant) Pattern
0 Name: 76382pv0.dat
0 Author: Chris Böhnke [KnightOfTarenta]
0 !LDRAW_ORG Shortcut UPDATE 2026-04
0 !LICENSE Licensed under CC BY 4.0 : see CAreadme.txt

0 BFC CERTIFY CCW

0 !KEYWORDS Bricklink 973pb6404c01, Brickowl 1032342, Brickset 76382, Icons
0 !KEYWORDS Jean-Luc Picard, Rebrickable 973c22h02pr0009, Ro Laren, Set 10356
0 !KEYWORDS Set 40768, Star Trek, The Next Generation
0 !KEYWORDS U.S.S. Enterprise NCC-1701-D, William T. Riker

0 !HISTORY 2026-03-31 [OrionP] Official Update 2026-03
0 !HISTORY 2026-04-05 [Holly-Wood] Sanded description
0 !HISTORY 2026-04-27 [OrionP] Official Update 2026-04

1 16 0 0 0 1 0 0 0 1 0 0 0 1 973pv0.dat
1 4 -15.552 9 0 0.985 -0.17 0 0.17 0.985 0 0 0 1 3818pv0.dat
1 4 15.552 9 0 0.985 0.17 0 -0.17 0.985 0 0 0 1 3819pv0.dat
1 78 -23.69 26.774 -9.898 0.985 -0.12 0.12 0.17 0.696 -0.696 0 0.707 0.707 3820.dat
1 78 23.69 26.774 -9.898 0.985 0.12 -0.12 -0.17 0.696 -0.696 0 0.707 0.707 3820.dat