0 Minifig Torso with Arms and Dark Bluish Grey Hands with Neon Yellow Stripes, Radio and Badge Pattern
0 Name: 76382p0045.dat
0 Author: Chris Böhnke [KnightOfTarenta]
0 !LDRAW_ORG Shortcut UPDATE 2026-06
0 !LICENSE Licensed under CC BY 4.0 : see CAreadme.txt

0 BFC CERTIFY CCW

0 !KEYWORDS Bricklink 973pb0300c02, BrickOwl 497752, Brickset 76382, City
0 !KEYWORDS firefighter, fireman, Mini Upper Part No 1093
0 !KEYWORDS Mini Upper Part No 1094, Mini Upper Part No 1095
0 !KEYWORDS Mini Upper Part No 1667, Mini Upper Part No 892
0 !KEYWORDS Mini Upper Part No 894, Rebrickable 973c03h12pr1667, Set 7043
0 !KEYWORDS Set 7046, Set 7238, Set 7239, Set 7240, Set 7266, World City

0 !HISTORY 2026-06-28 [OrionP] Official Update 2026-06

1 16 0 0 0 1 0 0 0 1 0 0 0 1 973p7v.dat
1 16 -15.552 9 0 0.985 -0.17 0 0.17 0.985 0 0 0 1 3818.dat
1 16 15.552 9 0 0.985 0.17 0 -0.17 0.985 0 0 0 1 3819.dat
1 72 -23.69 26.774 -9.898 0.985 -0.12 0.12 0.17 0.696 -0.696 0 0.707 0.707 3820.dat
1 72 23.69 26.774 -9.898 0.985 0.12 -0.12 -0.17 0.696 -0.696 0 0.707 0.707 3820.dat