0 Minifig Torso with Arms and Hands with Classic Space Minifigure Floating Pattern
0 Name: 76382p6m.dat
0 Author: Chris Böhnke [KnightOfTarenta]
0 !LDRAW_ORG Shortcut UPDATE 2026-02
0 !LICENSE Licensed under CC BY 4.0 : see CAreadme.txt

0 BFC CERTIFY CCW

0 !KEYWORDS Agents, Bricklink 973pb0549c01, Brickowl 952580, Brickset 76382
0 !KEYWORDS Mini Upper Part No 1479, modular building
0 !KEYWORDS Rebrickable 973c31h01pr1479, Set 10224, set 10244, Set 31036
0 !KEYWORDS Set 31067, Set 4000014, Set 40121, set 45805, Set 60024, Set 60097
0 !KEYWORDS Set 8970, Town Hall

0 !HISTORY 2026-03-06 [OrionP] Official Update 2026-02

1 16 0 0 0 1 0 0 0 1 0 0 0 1 973p6m.dat
1 2 -15.552 9 0 0.985 -0.17 0 0.17 0.985 0 0 0 1 3818.dat
1 2 15.552 9 0 0.985 0.17 0 -0.17 0.985 0 0 0 1 3819.dat
1 14 -23.69 26.774 -9.898 0.985 -0.12 0.12 0.17 0.696 -0.696 0 0.707 0.707 3820.dat
1 14 23.69 26.774 -9.898 0.985 0.12 -0.12 -0.17 0.696 -0.696 0 0.707 0.707 3820.dat