0 Minifig Torso with Plain Arms and Hands with Green Robe, Gold Scarf, Green Belt, Diamonds and Green Emblem Pattern
0 Name: 76382p0049.dat
0 Author: Chris Böhnke [KnightOfTarenta]
0 !LDRAW_ORG Shortcut UPDATE 2026-06
0 !LICENSE Licensed under CC BY 4.0 : see CAreadme.txt

0 BFC CERTIFY CCW

0 !KEYWORDS Bricklink 973pb2785c02, BrickOwl 181516, Brickset 76382, Lloyd
0 !KEYWORDS Mini Upper Part No 4165, Rebrickable 973c03h03pr4008, Set 30608
0 !KEYWORDS Set 70628, Set 70657, Spinjitzu Masters, The LEGO Ninjago Movie

0 !HISTORY 2026-06-28 [OrionP] Official Update 2026-06

1 16 0 0 0 1 0 0 0 1 0 0 0 1 973pn3.dat
1 16 -15.552 9 0 0.985 -0.17 0 0.17 0.985 0 0 0 1 3818.dat
1 16 15.552 9 0 0.985 0.17 0 -0.17 0.985 0 0 0 1 3819.dat
1 16 -23.69 26.774 -9.898 0.985 -0.12 0.12 0.17 0.696 -0.696 0 0.707 0.707 3820.dat
1 16 23.69 26.774 -9.898 0.985 0.12 -0.12 -0.17 0.696 -0.696 0 0.707 0.707 3820.dat