0 Minifig Torso with Arms and Hands with Race Suit with Scuderia Ferrari Logos and Tricolor Stripes Pattern
0 Name: 76382pyc.dat
0 Author: Magnus Forsberg [MagFors]
0 !LDRAW_ORG Shortcut UPDATE 2026-05
0 !LICENSE Licensed under CC BY 4.0 : see CAreadme.txt

0 BFC CERTIFY CCW

0 !KEYWORDS Bricklink 973pb2639c01, Brickowl 831832, Brickset 76382, Jacket
0 !KEYWORDS Rebrickable 973c27h22pr3773, Set 75879, SF16-H, Speed Champions
0 !KEYWORDS sport, Uniform

0 !HISTORY 2026-05-31 [OrionP] Official Update 2026-05

1 16 0 0 0 1 0 0 0 1 0 0 0 1 973pyc.dat
1 15 -15.552 9 0 0.985 -0.17 0 0.17 0.985 0 0 0 1 3818.dat
1 15 15.552 9 0 0.985 0.17 0 -0.17 0.985 0 0 0 1 3819.dat
1 16 -23.69 26.774 -9.898 0.985 -0.12 0.12 0.17 0.696 -0.696 0 0.707 0.707 3820.dat
1 16 23.69 26.774 -9.898 0.985 0.12 -0.12 -0.17 0.696 -0.696 0 0.707 0.707 3820.dat