0 Untitled Model
0 Name:  高达头像
0 Author:  
0 CustomBrick
0 NumOfBricks:  169
1 72 -20.000240 -71.322060 15.910620 1.000008 0.000000 0.000000 0.000000 0.000000 -1.000008 0.000000 1.000000 0.000000 3003.dat
1 72 60.000440 -71.322040 15.910640 1.000008 0.000000 0.000000 0.000000 0.000000 -1.000008 0.000000 1.000000 0.000000 3003.dat
1 71 20.000080 -31.321680 7.910630 1.000008 0.000000 0.000000 0.000000 0.000000 -1.000008 0.000000 1.000000 0.000000 3958.dat
1 72 60.000440 8.678650 15.910640 1.000008 0.000000 0.000000 0.000000 0.000000 -1.000008 0.000000 1.000000 0.000000 3003.dat
1 72 -20.000240 8.678630 15.910640 1.000008 0.000000 0.000000 0.000000 0.000000 -1.000008 0.000000 1.000000 0.000000 3003.dat
1 71 20.000080 8.678650 15.910640 1.000008 0.000000 0.000000 0.000000 0.000000 -1.000008 0.000000 1.000000 0.000000 3003.dat
1 72 20.000080 -31.321680 15.910640 1.000008 0.000000 0.000000 0.000000 0.000000 -1.000008 0.000000 1.000000 0.000000 2456.dat
1 71 20.000080 -91.322160 25.910640 1.000008 0.000000 0.000000 0.000000 1.000008 0.000000 0.000000 0.000000 1.000000 22885.dat
0 STEP
1 71 20.000080 18.678720 -16.089390 1.000008 0.000000 0.000000 0.000000 0.000000 -1.000008 0.000000 1.000000 0.000000 3009.dat
1 71 -20.000240 18.678700 -40.089340 -1.000008 0.000000 0.000000 0.000000 0.000000 1.000008 0.000000 0.999998 -0.000001 3937.dat
1 71 20.000080 18.678760 -40.089340 -1.000008 0.000000 0.000000 0.000000 0.000000 1.000008 0.000000 0.999999 -0.000001 3937.dat
1 71 -20.000240 15.258510 -39.486280 1.000008 0.000000 0.000000 0.000000 0.342022 -0.939701 0.000000 0.939691 0.342020 6134.dat
1 71 20.000080 15.258510 -39.486280 1.000008 0.000000 0.000000 0.000000 0.342022 -0.939701 0.000000 0.939691 0.342020 6134.dat
1 71 60.000440 18.678780 -40.089450 -1.000008 0.000000 0.000000 0.000000 -0.000001 1.000009 0.000000 1.000000 -0.000001 3937.dat
1 71 60.000440 15.258510 -39.486320 1.000008 0.000000 0.000000 0.000000 0.342022 -0.939701 0.000000 0.939691 0.342020 6134.dat
0 STEP
1 71 20.000080 -34.462760 -29.902820 1.000008 0.000000 0.000000 0.000000 0.342022 -0.939701 0.000000 0.939692 0.342020 3958.dat
1 72 30.000220 -122.441500 31.472970 1.000008 0.000000 0.000000 0.000000 0.951065 0.309019 0.000000 -0.309017 0.951057 2555.dat
1 72 9.999980 -122.441500 31.472950 1.000008 0.000000 0.000000 0.000000 0.951065 0.309019 0.000000 -0.309017 0.951057 2555.dat
1 72 20.000080 -115.322400 25.910620 -1.000009 0.000000 0.000000 0.000000 1.000008 0.000000 0.000000 0.000000 -1.000000 3937.dat
1 72 20.000080 -114.832900 29.000800 1.000008 0.000000 0.000000 0.000000 0.951065 0.309019 0.000000 -0.309017 0.951057 3938.dat
0 STEP
1 72 30.000220 -129.238600 -26.660780 0.000000 0.000001 1.000008 0.309019 -0.951065 0.000001 0.951057 0.309017 0.000000 76116.dat
1 72 9.999990 -132.903800 18.690250 1.000008 0.000000 0.000000 0.000000 0.309019 -0.951065 0.000000 0.951057 0.309017 78258.dat
1 72 30.000220 -132.903800 18.690280 1.000008 0.000000 0.000000 0.000000 0.309019 -0.951065 0.000000 0.951057 0.309017 78258.dat
1 72 9.999980 -129.238600 -26.660800 0.000000 0.000001 1.000008 0.309019 -0.951065 0.000001 0.951057 0.309017 0.000000 76116.dat
0 STEP
1 72 30.000220 -101.731900 -38.801930 0.000000 0.000000 -1.000008 -0.939701 0.342022 0.000000 0.342020 0.939693 0.000000 60478.dat
1 72 9.999980 -101.789500 -39.451780 0.000000 0.000000 -1.000008 -0.939701 0.342022 0.000000 0.342020 0.939693 0.000000 60478.dat
1 72 20.000080 -89.656280 -35.354450 1.000008 0.000000 0.000000 0.000000 0.342022 -0.939701 0.000000 0.939693 0.342020 3004.dat
0 STEP
1 1 -30.000300 12.522310 -47.003820 1.000008 0.000000 0.000000 0.000000 0.342022 -0.939701 0.000000 0.939693 0.342020 54200.dat
1 1 70.000460 12.522310 -47.003840 1.000008 0.000000 0.000000 0.000000 0.342022 -0.939701 0.000000 0.939693 0.342020 54200.dat
1 1 -30.000330 -81.447800 -12.801820 -1.000000 0.000000 0.000000 0.000000 0.342022 0.939692 0.000000 0.939692 -0.342022 54200.dat
1 1 70.000490 -81.447800 -12.801820 -1.000000 0.000000 0.000000 0.000000 0.342022 0.939692 0.000000 0.939692 -0.342022 54200.dat
1 1 70.000480 -37.198980 -37.420400 0.000000 0.000000 1.000000 0.939692 0.342022 0.000000 -0.342022 0.939692 0.000000 3710.dat
1 1 -30.000300 -37.198800 -37.420340 0.000000 0.000001 1.000000 0.939692 0.342022 0.000000 -0.342022 0.939692 0.000000 3710.dat
1 1 70.000480 -39.935160 -44.937940 0.000000 0.000000 1.000000 0.939692 0.342022 0.000000 -0.342022 0.939692 0.000000 2431.dat
1 1 -30.000300 -39.934980 -44.937880 0.000000 0.000000 1.000000 0.939692 0.342022 0.000000 -0.342022 0.939692 0.000000 2431.dat
0 STEP
1 15 50.000320 -81.447800 -12.801820 -1.000000 0.000000 0.000000 0.000000 0.342022 0.939692 0.000000 0.939692 -0.342022 54200.dat
1 15 -10.000160 -81.447800 -12.801820 -1.000000 0.000000 0.000000 0.000000 0.342022 0.939692 0.000000 0.939692 -0.342022 54200.dat
1 15 -10.000170 9.786110 -54.521350 0.000000 0.000000 -1.000000 -0.939692 0.342022 0.000000 0.342022 0.939692 0.000000 3070b.dat
1 15 50.000320 9.786110 -54.521360 0.000000 0.000000 -1.000000 -0.939692 0.342022 0.000000 0.342022 0.939692 0.000000 3070b.dat
0 STEP
1 72 20.000080 -42.671260 -52.455460 1.000008 0.000000 0.000000 0.000000 0.342022 -0.939701 0.000000 0.939693 0.342020 3941.dat
1 72 9.999980 9.786130 -54.521350 0.000000 0.000000 1.000008 0.939701 0.342022 0.000000 -0.342020 0.939693 0.000000 2555.dat
1 72 30.000210 9.786119 -54.521360 0.000000 0.000000 1.000008 0.939701 0.342022 0.000000 -0.342020 0.939693 0.000000 2555.dat
1 72 9.999980 7.733980 -60.159520 0.000000 0.000000 1.000008 0.573580 0.819160 0.000000 -0.819152 0.573576 0.000000 23443.dat
1 72 20.000080 -50.879760 -75.008080 1.000008 0.000000 0.000000 0.000000 0.342022 -0.939701 0.000000 0.939693 0.342020 3941.dat
1 72 30.000210 7.733970 -60.159520 0.000000 0.000000 1.000008 0.573580 0.819160 0.000000 -0.819152 0.573576 0.000000 23443.dat
0 STEP
1 72 9.999990 -32.076760 -90.476610 0.000000 0.000000 1.000008 0.819160 -0.573581 0.000000 0.573577 0.819152 0.000000 32828.dat
1 72 30.000240 -32.077000 -90.476670 0.000000 0.000000 1.000008 0.819163 -0.573582 0.000000 0.573578 0.819155 0.000000 32828.dat
1 72 30.000240 -27.488380 -97.029880 -1.000008 0.000000 0.000000 0.000000 -0.573581 0.819161 0.000000 0.819152 0.573576 26047.dat
1 72 9.999990 -27.488130 -97.029830 -1.000008 0.000000 0.000000 0.000000 -0.573580 0.819160 0.000000 0.819152 0.573576 26047.dat
0 STEP
1 0 20.000080 -51.191020 -75.863170 0.000000 0.000000 -1.000008 0.342022 0.939701 0.000000 0.939693 -0.342020 0.000000 2736.dat
1 72 -10.000180 -61.465320 -45.615050 0.000000 0.000000 1.000008 0.939701 0.342022 0.000000 -0.342020 0.939693 0.000000 3004.dat
1 72 50.000350 -61.465300 -45.615070 0.000000 0.000000 1.000008 0.939701 0.342022 0.000000 -0.342020 0.939693 0.000000 3004.dat
1 72 50.000350 -64.201500 -53.132600 0.000000 0.000000 1.000008 0.939701 0.342022 0.000000 -0.342020 0.939693 0.000000 60478.dat
1 72 -10.000180 -64.201520 -53.132580 0.000000 0.000000 1.000008 0.939701 0.342022 0.000000 -0.342020 0.939693 0.000000 60478.dat
0 STEP
1 72 50.000350 -5.326140 -63.513820 0.000000 0.000000 -1.000008 -1.000008 0.000000 0.000000 0.000000 1.000000 0.000000 63868.dat
1 72 -10.000180 -5.326150 -63.513800 0.000000 0.000000 -1.000008 -1.000008 0.000000 0.000000 0.000000 1.000000 0.000000 63868.dat
1 72 50.000350 -66.937670 -60.650150 0.000000 0.000000 1.000008 0.939701 0.342022 0.000000 -0.342020 0.939693 0.000000 2412b.dat
1 72 -10.000180 -66.937680 -60.650120 0.000000 0.000000 1.000008 0.939701 0.342022 0.000000 -0.342020 0.939693 0.000000 2412b.dat
1 72 50.000350 -5.326140 -63.513820 1.000008 0.000000 0.000000 0.000000 0.000000 -1.000008 0.000000 1.000000 0.000000 61409.dat
1 72 -10.000180 -5.326150 -63.513800 1.000008 0.000000 0.000000 0.000000 0.000000 -1.000008 0.000000 1.000000 0.000000 61409.dat
0 STEP
1 72 30.000280 -113.922800 -43.549670 0.000000 0.000000 -1.000008 -0.939701 0.342022 0.000000 0.342020 0.939693 0.000000 2555.dat
1 72 9.999980 -113.922300 -43.549300 0.000000 0.000000 -1.000008 -0.939701 0.342022 0.000000 0.342021 0.939693 0.000000 2555.dat
1 72 30.000210 -115.974500 -49.187440 0.000000 0.000000 -1.000008 -0.342022 -0.939701 0.000000 -0.939693 0.342019 0.000000 23443.dat
1 72 9.999960 -115.974500 -49.187450 0.000000 0.000000 -1.000008 -0.342023 -0.939701 0.000000 -0.939693 0.342019 0.000000 23443.dat
1 72 20.000110 -59.295360 -117.139500 0.000000 0.000000 -1.000008 0.000000 1.000008 0.000000 1.000000 0.000000 0.000000 14418.dat
1 72 20.000110 -67.295350 -117.139500 0.000000 0.000000 1.000000 0.000000 1.000000 0.000000 -1.000000 0.000000 0.000000 60478.dat
1 4 20.000120 -58.655600 -166.110900 1.000008 0.000000 0.000000 0.000000 0.906316 -0.422623 0.000000 0.422618 0.906309 54200.dat
1 15 19.999480 -75.295500 -117.139600 0.000000 0.000000 1.000008 0.000000 1.000008 0.000000 -1.000000 0.000000 0.000000 3023b.dat
1 4 20.000110 -58.655580 -166.110900 -1.000008 0.000000 0.000000 0.000000 0.906316 0.422623 0.000000 0.422618 -0.906309 61252.dat
1 15 19.999500 -83.295560 -97.139610 0.000000 0.000000 1.000008 0.000000 1.000008 0.000000 -1.000000 0.000000 0.000000 3023b.dat
1 15 19.999530 -107.295700 -117.139700 0.000000 0.000000 1.000009 0.000000 1.000008 0.000000 -1.000001 0.000000 0.000000 52107.dat
1 15 19.999540 -83.295560 -127.139700 1.000009 0.000000 0.000000 0.000000 1.000008 0.000000 0.000000 0.000000 1.000001 36840.dat
0 STEP
1 15 19.999540 -115.295800 -127.139700 1.000009 0.000000 0.000000 0.000000 1.000008 0.000000 0.000000 0.000000 1.000001 36841.dat
1 15 19.999540 -95.295670 -149.139700 0.000000 0.000000 1.000008 1.000008 0.000000 0.000000 0.000000 1.000000 0.000000 3023b.dat
1 15 19.999510 -107.295700 -87.139600 0.000000 0.000000 1.000009 0.000000 1.000008 0.000000 -1.000001 0.000000 0.000000 47905.dat
1 15 19.999540 -95.295600 -165.139700 0.000000 0.000000 1.000000 1.000000 0.000000 0.000000 0.000000 1.000000 0.000000 96910.dat
1 15 19.999540 -95.295600 -157.139700 0.000000 0.000000 1.000000 1.000000 0.000000 0.000000 0.000000 1.000000 0.000000 3023b.dat
1 15 37.999750 -87.295580 -127.139700 0.000000 -1.000008 0.000000 1.000008 0.000000 0.000000 0.000000 0.000000 1.000000 3023b.dat
1 15 1.999330 -87.295600 -127.139700 0.000000 1.000008 0.000000 1.000008 0.000000 0.000000 0.000000 0.000000 -1.000000 3023b.dat
0 STEP
1 15 53.999820 -97.295700 -97.139610 0.000000 -1.000008 0.000000 0.000000 0.000000 1.000008 -1.000000 0.000000 0.000000 11211.dat
1 15 -14.000770 -97.295710 -97.139670 0.000000 1.000008 0.000000 0.000000 0.000000 1.000008 1.000000 0.000000 0.000000 11211.dat
1 15 29.999760 -77.295510 -137.139700 0.000000 -1.000000 0.000000 1.000000 0.000000 0.000000 0.000000 0.000000 1.000000 29120.dat
1 15 29.999750 -97.295650 -137.139700 0.000000 -1.000000 0.000000 1.000000 0.000000 0.000000 0.000000 0.000000 1.000000 11477.dat
1 15 9.999330 -77.295510 -137.139700 0.000000 1.000000 0.000000 -1.000000 0.000000 0.000000 0.000000 0.000000 1.000000 29119.dat
1 15 9.999330 -97.295680 -137.139700 0.000000 1.000000 0.000000 -1.000000 0.000000 0.000000 0.000000 0.000000 1.000000 11477.dat
0 STEP
1 0 42.263290 -115.295800 -116.987700 -0.173649 0.000000 0.984816 0.000000 1.000008 0.000000 -0.984808 0.000000 -0.173648 35480.dat
1 0 -2.264210 -115.295800 -116.987700 0.173649 0.000000 0.984816 0.000000 1.000008 0.000000 -0.984808 0.000000 0.173648 35480.dat
1 14 42.263290 -123.295800 -116.987700 -0.173649 0.000000 0.984816 0.000000 1.000008 0.000000 -0.984808 0.000000 -0.173648 35480.dat
1 14 -2.264210 -123.295800 -116.987700 0.173649 0.000000 0.984816 0.000000 1.000008 0.000000 -0.984808 0.000000 0.173648 35480.dat
0 STEP
1 15 19.999510 -115.295800 -97.139610 0.000000 0.000000 -1.000008 0.000000 1.000008 0.000000 1.000000 0.000000 0.000000 3023b.dat
1 15 19.999510 -123.295800 -87.139640 -1.000008 0.000000 0.000000 0.000000 1.000008 0.000000 0.000000 0.000000 -1.000000 36841.dat
1 15 43.999800 -115.295800 -87.139600 1.000008 0.000000 0.000000 0.000000 1.000008 0.000000 0.000000 0.000000 1.000000 3024.dat
1 15 43.999800 -123.295800 -87.139600 1.000008 0.000000 0.000000 0.000000 1.000008 0.000000 0.000000 0.000000 1.000000 3024.dat
1 15 -4.000700 -115.295800 -87.139670 1.000008 0.000000 0.000000 0.000000 1.000008 0.000000 0.000000 0.000000 1.000000 3024.dat
1 15 -4.000700 -123.295800 -87.139670 1.000008 0.000000 0.000000 0.000000 1.000008 0.000000 0.000000 0.000000 1.000000 3024.dat
0 STEP
1 4 19.999530 -131.296000 -147.139600 0.000000 0.000000 1.000008 0.000000 1.000008 0.000000 -1.000000 0.000000 0.000000 2555.dat
1 15 19.999530 -123.295800 -127.139600 0.000000 0.000000 1.000008 0.000000 1.000008 0.000000 -1.000000 0.000000 0.000000 3623.dat
0 STEP
1 15 61.999880 -97.295680 -97.139610 0.000000 -1.000008 0.000000 1.000008 0.000000 0.000000 0.000000 0.000000 1.000000 3021.dat
1 15 53.999820 -117.295800 -117.139600 0.000000 -1.000008 0.000000 1.000008 0.000000 0.000000 0.000000 0.000000 1.000000 29119.dat
0 STEP
1 15 53.999860 -87.295580 -117.139600 0.000000 -1.000008 0.000000 1.000008 0.000000 0.000000 0.000000 0.000000 1.000000 15068.dat
1 15 69.999920 -97.295730 -77.139640 0.000000 -1.000008 0.000000 1.000008 0.000000 0.000000 0.000000 0.000000 1.000000 3021.dat
1 15 53.999860 -87.295650 -127.139600 0.000000 -1.000000 0.000000 1.000000 0.000000 0.000000 0.000000 0.000000 1.000000 3023b.dat
0 STEP
1 72 78.000000 -117.295800 -97.139530 0.000000 -1.000008 0.000000 0.000000 0.000000 1.000008 -1.000000 0.000000 0.000000 2412b.dat
1 72 78.000000 -97.295730 -97.139610 0.000000 -1.000008 0.000000 0.000000 0.000000 1.000008 -1.000000 0.000000 0.000000 2412b.dat
1 15 69.999440 -107.295200 -77.139620 0.000000 -1.000000 0.000000 -1.000000 0.000000 0.000000 0.000000 0.000000 -1.000000 15068.dat
1 15 69.999920 -77.295540 -77.139640 0.000000 -1.000008 0.000000 0.000000 0.000000 -1.000008 1.000000 0.000000 0.000000 85984.dat
0 STEP
1 15 -22.000800 -97.295710 -97.139670 0.000000 1.000008 0.000000 -1.000008 0.000000 0.000000 0.000000 0.000000 1.000000 3021.dat
1 15 -14.000770 -117.295800 -117.139700 0.000000 1.000008 0.000000 -1.000008 0.000000 0.000000 0.000000 0.000000 1.000000 29120.dat
0 STEP
1 15 -14.000770 -87.295600 -117.139700 0.000000 1.000008 0.000000 -1.000008 0.000000 0.000000 0.000000 0.000000 1.000000 15068.dat
1 15 -30.000950 -97.295680 -77.139800 0.000000 1.000013 0.000000 -1.000013 0.000000 0.000000 0.000000 0.000000 1.000000 3021.dat
1 15 -14.000780 -87.295680 -127.139700 0.000000 1.000000 0.000000 -1.000000 0.000000 0.000000 0.000000 0.000000 1.000000 3023b.dat
0 STEP
1 72 -38.000950 -97.295730 -97.139690 0.000000 1.000008 0.000000 0.000000 0.000000 -1.000008 -1.000000 0.000000 0.000000 2412b.dat
1 72 -38.000950 -117.295900 -97.139750 0.000000 1.000008 0.000000 0.000000 0.000000 -1.000008 -1.000000 0.000000 0.000000 2412b.dat
1 15 -30.000940 -107.295800 -77.139800 0.000001 1.000008 0.000000 1.000008 0.000000 0.000000 0.000000 0.000000 -1.000000 15068.dat
1 15 -30.000950 -77.295410 -77.139800 0.000000 1.000008 0.000000 0.000000 0.000000 -1.000008 -1.000000 0.000000 0.000000 85984.dat
0 STEP
1 15 19.999510 -147.296100 -77.139640 0.000000 0.000000 1.000008 0.000000 1.000008 0.000000 -1.000000 0.000000 0.000000 52107.dat
1 15 19.999510 -147.296100 -117.139600 0.000000 0.000000 1.000008 0.000000 1.000008 0.000000 -1.000000 0.000000 0.000000 52107.dat
1 15 53.999820 -137.296000 -57.139650 0.000000 -1.000008 0.000000 0.000000 0.000000 1.000008 -1.000000 0.000000 0.000000 11211.dat
1 15 53.999820 -137.296100 -97.139610 0.000000 -1.000008 0.000000 0.000000 0.000000 1.000008 -1.000000 0.000000 0.000000 11211.dat
1 15 -14.000790 -137.296000 -57.139640 0.000000 1.000008 0.000000 0.000000 0.000000 1.000008 1.000000 0.000000 0.000000 11211.dat
1 15 -14.000840 -137.296100 -97.139610 0.000000 1.000008 0.000000 0.000000 0.000000 1.000008 1.000000 0.000000 0.000000 11211.dat
0 STEP
1 15 45.999780 -137.296100 -127.139600 0.000000 -1.000008 0.000000 1.000008 0.000000 0.000000 0.000000 0.000000 1.000000 3024.dat
1 15 37.999720 -137.296100 -137.139600 0.000000 -1.000008 0.000000 1.000008 0.000000 0.000000 0.000000 0.000000 1.000000 11477.dat
1 15 1.999330 -137.296200 -137.139600 0.000000 1.000008 0.000000 -1.000008 0.000000 0.000000 0.000000 0.000000 1.000000 11477.dat
1 15 -6.000720 -137.296200 -127.139600 0.000000 1.000008 0.000000 1.000008 0.000000 0.000000 0.000000 0.000000 -1.000000 3024.dat
1 15 1.999330 -137.296200 -137.139600 0.000000 1.000008 0.000000 0.000000 0.000000 1.000008 1.000000 0.000000 0.000000 3023b.dat
1 15 37.999720 -137.296100 -137.139600 0.000000 -1.000008 0.000000 0.000000 0.000000 1.000008 -1.000000 0.000000 0.000000 3023b.dat
0 STEP
1 15 69.999950 -137.296100 -87.139640 0.000000 -1.000008 0.000000 0.000000 0.000000 1.000008 -1.000000 0.000000 0.000000 3623.dat
1 15 -30.000940 -137.296100 -87.139600 0.000000 1.000008 0.000000 0.000000 0.000000 -1.000008 -1.000000 0.000000 0.000000 3623.dat
1 15 61.999880 -137.296100 -77.139640 0.000000 -1.000008 0.000000 0.000000 0.000000 1.000008 -1.000000 0.000000 0.000000 3710.dat
1 15 -22.000870 -137.296100 -77.139600 0.000000 1.000008 0.000000 0.000000 0.000000 1.000008 1.000000 0.000000 0.000000 3710.dat
1 15 -30.000920 -137.296100 -87.139600 0.000000 1.000008 0.000000 0.000000 0.000000 1.000008 1.000000 0.000000 0.000000 54200.dat
1 15 -22.000880 -137.296100 -57.139640 0.000000 1.000008 0.000000 1.000008 0.000000 0.000000 0.000000 0.000000 -1.000000 29119.dat
1 15 61.999860 -137.296000 -57.139650 0.000000 -1.000008 0.000000 -1.000008 0.000000 0.000000 0.000000 0.000000 -1.000000 29120.dat
1 15 69.999880 -137.296000 -87.139640 0.000000 -1.000008 0.000000 0.000000 0.000000 1.000008 -1.000000 0.000000 0.000000 54200.dat
0 STEP
1 15 61.999910 -137.296100 -117.139600 0.000000 -1.000008 0.000000 1.000008 0.000000 0.000000 0.000000 0.000000 1.000000 11477.dat
1 15 -22.000880 -137.296100 -117.139600 0.000000 1.000008 0.000000 -1.000008 0.000000 0.000000 0.000000 0.000000 1.000000 11477.dat
1 15 61.999910 -137.296100 -127.139600 0.000000 -1.000008 0.000000 1.000008 0.000000 0.000000 0.000000 0.000000 1.000000 3024.dat
1 15 -22.000880 -137.296100 -127.139600 0.000000 1.000008 0.000000 1.000008 0.000000 0.000000 0.000000 0.000000 -1.000000 3024.dat
0 STEP
1 15 19.999510 -147.296100 -127.139600 1.000008 0.000000 0.000000 0.000000 1.000008 0.000000 0.000000 0.000000 1.000000 54200.dat
1 15 19.999510 -171.296300 -87.139640 0.000000 0.000000 1.000008 0.000000 1.000008 0.000000 -1.000000 0.000000 0.000000 3622.dat
0 STEP
1 15 19.999510 -195.296400 -87.139600 1.000000 0.000000 0.000000 0.000000 1.000000 0.000000 0.000000 0.000000 1.000000 87087.dat
1 33 19.999510 -185.296400 -113.139600 1.000008 0.000000 0.000000 0.000000 0.000000 -1.000008 0.000000 1.000000 0.000000 3070b.dat
1 15 19.999510 -203.296400 -97.139610 0.000000 0.000000 1.000000 0.000000 1.000000 0.000000 -1.000000 0.000000 0.000000 3069b.dat
1 15 19.999510 -185.296400 -105.139600 1.000008 0.000000 0.000000 0.000000 0.000000 -1.000008 0.000000 1.000000 0.000000 3024.dat
0 STEP
1 15 19.999510 -179.296300 -57.139640 0.000000 0.000000 -1.000000 0.000000 1.000000 0.000000 1.000000 0.000000 0.000000 28192.dat
1 15 19.999500 -179.296400 -47.139650 1.000008 0.000000 0.000000 0.000000 1.000008 0.000000 0.000000 0.000000 1.000000 3005.dat
1 15 19.999510 -195.296300 -67.139640 1.000000 0.000000 0.000000 0.000000 1.000000 0.000000 0.000000 0.000000 1.000000 3005.dat
0 STEP
1 15 -4.000760 -171.296400 -107.139600 0.000000 0.000000 1.000008 0.000000 1.000008 0.000000 -1.000000 0.000000 0.000000 13548.dat
1 15 -4.000730 -171.296300 -67.139640 -1.000009 0.000000 0.000000 0.000000 1.000008 0.000000 0.000000 0.000000 -1.000001 13548.dat
1 15 -4.000760 -171.296400 -87.139600 0.000001 0.000000 1.000008 0.000000 1.000008 0.000000 -1.000000 0.000000 0.000001 3040a.dat
1 15 -4.000760 -179.296400 -87.139600 0.000000 0.000000 1.000008 0.000000 1.000008 0.000000 -1.000000 0.000000 0.000000 63864.dat
0 STEP
1 15 43.999800 -171.296400 -107.139600 1.000008 0.000000 0.000000 0.000000 1.000008 0.000000 0.000000 0.000000 1.000000 13548.dat
1 15 43.999880 -171.296400 -67.139590 0.000000 0.000000 -1.000008 0.000000 1.000008 0.000000 1.000000 0.000000 0.000000 13548.dat
1 15 43.999800 -171.296400 -87.139640 0.000000 0.000000 -1.000008 0.000000 1.000008 0.000000 1.000000 0.000000 0.000000 3040a.dat
1 15 43.999800 -179.296400 -87.139640 0.000000 0.000000 1.000008 0.000000 1.000008 0.000000 -1.000000 0.000000 0.000000 63864.dat
0 STEP
1 4 19.999540 -157.103100 -169.760200 0.000000 0.000000 1.000008 0.707358 -0.706864 0.000000 0.706860 0.707354 0.000000 60478.dat
1 15 19.999530 -144.374800 -168.350400 1.000008 0.000000 0.000000 0.000000 -0.706864 -0.707358 0.000000 0.707352 -0.706860 24246.dat
1 4 19.999540 -164.177000 -176.828600 1.000008 0.000000 0.000000 0.000000 -0.706864 -0.707358 0.000000 0.707352 -0.706860 54200.dat
0 STEP
1 4 19.999540 -169.831600 -171.169900 1.000008 0.000000 0.000000 0.000000 -0.706864 -0.707358 0.000000 0.707353 -0.706860 3005.dat
1 4 19.999540 -155.679400 -157.027700 0.000000 0.000000 1.000008 0.706864 -0.707357 0.000000 0.707353 0.706860 0.000000 47905.dat
0 STEP
1 14 37.999740 -162.753000 -149.959100 0.000000 -1.000008 0.000000 0.706864 0.000000 0.707358 -0.707353 0.000000 0.706860 2555.dat
1 14 1.999360 -162.753000 -149.959100 0.000000 1.000008 0.000000 -0.707357 0.000000 0.706864 0.706860 0.000000 0.707353 2555.dat
1 4 19.999540 -186.796300 -154.193400 -1.000008 0.000000 0.000000 0.000000 -0.706864 0.707358 0.000000 0.707354 0.706860 24201.dat
1 4 19.999540 -172.649200 -140.056300 1.000008 0.000000 0.000000 0.000000 -0.706864 -0.707358 0.000000 0.707354 -0.706860 3024.dat
0 STEP
1 14 66.627380 -176.748200 -135.954300 -0.707111 -0.707111 0.000000 0.499830 -0.499830 0.707358 -0.500174 0.500175 0.706860 60478.dat
1 14 -26.628300 -176.758400 -135.963800 0.707110 0.707111 0.000001 0.500179 -0.500178 -0.706865 -0.499825 0.499822 -0.707353 60478.dat
1 14 100.568700 -192.742700 -119.948700 0.707111 -0.707111 0.000000 -0.499829 -0.499830 -0.707358 0.500174 0.500175 -0.706860 6636.dat
1 14 -60.569620 -192.768000 -119.973500 0.707110 0.707112 0.000493 0.500179 -0.499685 -0.707213 -0.499825 0.500318 -0.707005 6636.dat
0 STEP
